trip_id	weekdays	bus_line_id	first_bus_stop_id
0	1111110	0	0
1	1111100	0	17
2	1111100	0	37
3	1111110	0	62
4	1111100	0	89
5	1111100	0	114
6	1111100	0	139
7	1111100	0	166
8	1111100	0	175
9	1111100	0	197
10	1111110	0	219
11	1111100	0	252
12	1111100	0	292
13	1111100	0	322
14	1111100	0	352
15	1111110	0	382
16	1111100	0	412
17	1111110	0	436
18	1111100	0	460
19	1111110	0	484
20	1111100	0	508
21	1111110	0	532
22	1111100	0	579
23	1111110	0	624
24	1111110	0	669
25	1111110	0	714
26	1111110	0	759
27	1111110	0	804
28	1111110	0	849
29	1111110	0	894
30	1111110	0	939
31	1111110	0	984
32	1111100	0	1029
33	1111100	0	1074
34	1111100	0	1119
35	1111110	0	1164
36	1111100	0	1209
37	1111100	0	1254
38	1111100	0	1299
39	1111110	0	1344
40	1111110	0	1389
41	1111110	0	1434
42	1111100	0	1479
43	1111100	0	1524
44	1111100	0	1569
45	1111100	0	1614
46	1111110	0	1659
47	1111110	0	1704
48	1111100	0	1749
49	1111100	0	1794
50	1111110	0	1839
51	1111110	0	1886
52	1111110	0	1935
53	1111110	0	1982
54	1111110	0	2029
55	1111110	0	2076
56	1111110	0	2123
57	1111110	0	2170
58	1111110	0	2217
59	1111110	0	2264
60	1111110	0	2313
61	1111110	0	2360
62	1111110	0	2407
63	1111110	0	2454
64	1111110	0	2501
65	1111110	0	2548
66	1111110	0	2595
67	1111110	0	2642
68	1111110	0	2691
69	1111110	0	2740
70	1111110	0	2789
71	1111110	0	2836
72	1111110	0	2885
73	1111110	0	2932
74	1111110	0	2979
75	1111110	0	3026
76	1111110	0	3073
77	1111100	0	3120
78	1111110	0	3148
79	1111100	0	3197
80	1111100	0	3207
81	1111110	0	3252
82	1111110	0	3301
83	1111110	0	3318
84	1111110	0	3352
85	1111110	0	3383
86	1111110	0	3431
87	1111110	0	3472
88	1111110	0	3513
89	1111110	0	3560
90	1111110	0	3607
91	1111110	0	3653
92	1111110	0	3699
93	1111110	0	3745
94	1111110	0	3792
95	1111110	0	3838
96	1111110	0	3884
97	1111110	0	3930
98	1111110	0	3976
99	1111110	0	4022
100	1111110	0	4068
101	1111110	0	4114
102	1111110	0	4160
103	1111110	0	4206
104	1111110	0	4252
105	1111110	0	4298
106	1111110	0	4344
107	1111110	0	4390
108	1111110	0	4437
109	1111110	0	4483
110	1111110	0	4529
111	1111110	0	4575
112	1111110	0	4621
113	1111110	0	4667
114	1111110	0	4713
115	1111110	0	4759
116	1111110	0	4806
117	1111110	0	4852
118	1111110	0	4898
119	1111110	0	4944
120	1111110	0	4990
121	1111110	0	5035
122	1111110	0	5080
123	1111110	0	5125
124	1111100	0	5170
125	1111100	0	5215
126	1111100	0	5260
127	1111100	0	5305
128	1111110	0	5352
129	1111110	0	5397
130	1111110	0	5442
131	1111110	0	5487
132	1111100	0	5532
133	1111100	0	5577
134	1111100	0	5622
135	1111110	0	5667
136	1111110	0	5712
137	1111100	0	5757
138	1111100	0	5802
139	1111100	0	5847
140	1111110	0	5892
141	1111110	0	5937
142	1111100	0	5982
143	1111100	0	6027
144	1111100	0	6072
145	1111110	0	6117
146	1111110	0	6162
147	1111100	0	6185
148	1111100	0	6218
149	1111100	0	6232
150	1111100	0	6254
151	1111100	0	6286
152	1111100	0	6315
153	1111110	0	6344
154	0000001	0	6390
155	0000001	0	6441
156	0000001	0	6492
157	0000001	0	6543
158	0000001	0	6594
159	0000001	0	6645
160	0000001	0	6696
161	0000001	0	6747
162	0000001	0	6798
163	0000001	0	6849
164	0000001	0	6900
165	0000001	0	6951
166	0000001	0	7002
167	0000001	0	7053
168	0000001	0	7104
169	0000001	0	7155
170	0000001	0	7208
171	0000001	0	7261
172	0000001	0	7314
173	0000001	0	7367
174	0000001	0	7420
175	0000001	0	7473
176	0000001	0	7526
177	0000001	0	7579
178	0000001	0	7632
179	0000001	0	7685
180	0000001	0	7738
181	0000001	0	7791
182	0000001	0	7844
183	0000001	0	7897
184	0000010	0	7950
185	1111110	0	7967
186	0000001	0	8013
187	0000001	0	8064
188	0000001	0	8117
189	0000001	0	8170
190	0000001	0	8221
191	0000001	0	8272
192	1111110	0	8325
193	1111110	0	8373
194	1111110	0	8421
195	1111110	0	8470
196	1111110	0	8518
197	1111110	0	8567
198	1111110	0	8615
199	1111110	0	8664
200	1111110	0	8713
201	1111110	0	8761
202	1111110	1	8810
203	1111110	1	8833
204	1111110	1	8856
205	1111110	1	8879
206	1111110	1	8902
207	1111110	1	8921
208	1111110	1	8944
209	1111110	1	8963
210	1111110	1	8986
211	1111110	1	9009
212	1111110	1	9032
213	1111110	1	9055
214	1111110	1	9078
215	1111110	1	9101
216	1111110	1	9124
217	1111110	1	9147
218	1111110	1	9170
219	1111110	1	9193
220	1111110	1	9216
221	1111110	1	9239
222	1111110	1	9262
223	1111110	1	9285
224	1111110	1	9308
225	1111110	1	9331
226	1111110	1	9354
227	1111100	1	9377
228	1111100	1	9400
229	1111100	1	9423
230	1111100	1	9446
231	1111100	1	9469
232	1111100	1	9492
233	1111100	1	9515
234	1111110	1	9538
235	1111110	1	9561
236	1111110	1	9584
237	1111110	1	9607
238	1111110	1	9630
239	1111100	1	9653
240	1111100	1	9676
241	1111100	1	9699
242	1111100	1	9722
243	1111100	1	9745
244	1111100	1	9768
245	1111100	1	9791
246	1111100	1	9814
247	1111110	1	9832
248	1111110	1	9851
249	1111110	1	9870
250	1111110	1	9889
251	1111110	1	9908
252	1111110	1	9927
253	1111110	1	9946
254	1111110	1	9965
255	1111110	1	9984
256	1111110	1	10003
257	1111110	1	10022
258	1111110	1	10041
259	1111110	1	10060
260	1111110	1	10079
261	1111110	1	10098
262	1111110	1	10117
263	1111110	1	10136
264	1111110	1	10155
265	1111110	1	10174
266	1111110	1	10193
267	1111110	1	10212
268	1111100	1	10231
269	1111100	1	10250
270	1111100	1	10269
271	1111100	1	10288
272	1111100	1	10307
273	1111100	1	10326
274	1111110	1	10345
275	1111110	1	10364
276	1111110	1	10383
277	1111110	1	10402
278	1111110	1	10421
279	1111100	1	10440
280	1111100	1	10459
281	1111100	1	10478
282	1111100	1	10497
283	1111100	1	10516
284	1111100	1	10535
285	1111100	1	10554
286	1111110	1	10572
287	1111110	1	10595
288	1111100	1	10614
289	1111100	1	10632
290	1111100	1	10651
291	1111100	1	10670
292	1111100	1	10685
293	1111100	1	10703
294	1111100	1	10718
295	1111100	1	10733
296	1111100	1	10746
297	1111100	1	10759
298	1111100	1	10774
299	1111100	1	10789
300	1111100	1	10804
301	1111100	1	10819
302	1111100	1	10834
303	1111100	1	10849
304	1111100	1	10860
305	1111100	1	10871
306	1111100	1	10882
307	1111100	1	10893
308	1111100	1	10904
309	1111100	1	10915
310	1111100	1	10930
311	1111110	1	10945
312	1111100	1	10962
313	1111100	1	10975
314	1111100	1	10988
315	1111100	1	11006
316	0000001	1	11021
317	0000001	1	11044
318	0000001	1	11067
319	0000001	1	11090
320	0000001	1	11113
321	0000001	1	11136
322	0000001	1	11159
323	0000001	1	11182
324	0000001	1	11205
325	0000001	1	11228
326	0000001	1	11251
327	0000001	1	11274
328	0000001	1	11297
329	0000001	1	11320
330	0000001	1	11343
331	0000001	1	11366
332	0000001	1	11385
333	0000001	1	11404
334	0000001	1	11423
335	0000001	1	11442
336	0000001	1	11461
337	0000001	1	11480
338	0000001	1	11499
339	0000001	1	11518
340	0000001	1	11537
341	0000001	1	11556
342	0000001	1	11575
343	0000001	1	11594
344	0000001	1	11613
345	1111100	1	11632
346	1111100	1	11648
347	1111100	1	11664
348	1111100	1	11680
349	1111100	1	11696
350	1111100	1	11712
351	1111100	1	11728
352	1111100	1	11744
353	1111100	1	11760
354	1111100	1	11776
355	1111100	1	11792
356	0000001	1	11808
357	0000001	1	11831
358	0000001	1	11854
359	0000001	1	11873
360	0000001	1	11892
361	1111110	1	11911
362	1111110	1	11938
363	1111110	1	11965
364	1111110	1	11992
365	1111110	1	12011
366	1111110	1	12030
367	0000010	1	12049
368	0000010	1	12072
369	0000010	1	12095
370	0000010	1	12118
371	0000010	1	12141
372	0000010	1	12164
373	0000010	1	12187
374	0000010	1	12210
375	0000010	1	12229
376	0000010	1	12248
377	0000010	1	12267
378	0000010	1	12286
379	0000010	1	12305
380	0000010	1	12324
381	1111110	1	12343
382	1111110	2	12366
383	1111110	2	12371
384	1111110	2	12379
385	1111110	2	12384
386	1111110	2	12389
387	1111110	2	12418
388	1111110	2	12447
389	1111110	2	12476
390	1111110	2	12505
391	1111110	2	12534
392	1111110	2	12563
393	1111110	2	12592
394	1111110	2	12621
395	1111110	2	12650
396	1111110	2	12679
397	1111110	2	12708
398	1111110	2	12737
399	1111110	2	12766
400	1111110	2	12795
401	1111110	2	12824
402	1111110	2	12853
403	1111100	2	12882
404	1111100	2	12911
405	1111100	2	12940
406	1111100	2	12969
407	1111110	2	12998
408	1111110	2	13027
409	1111110	2	13056
410	1111110	2	13085
411	1111110	2	13114
412	1111110	2	13143
413	1111110	2	13172
414	1111110	2	13201
415	1111110	2	13230
416	1111110	2	13259
417	1111100	2	13288
418	1111100	2	13317
419	1111100	2	13346
420	1111100	2	13375
421	1111100	2	13404
422	1111110	2	13433
423	1111110	2	13462
424	1111110	2	13491
425	1111110	2	13520
426	1111110	2	13549
427	1111110	2	13578
428	1111110	2	13607
429	1111110	2	13636
430	1111110	2	13665
431	1111110	2	13694
432	1111110	2	13723
433	1111100	2	13752
434	1111100	2	13781
435	1111100	2	13810
436	1111100	2	13839
437	1111100	2	13868
438	1111110	2	13897
439	1111110	2	13926
440	1111110	2	13955
441	1111110	2	13984
442	1111100	2	14013
443	1111110	2	14042
444	1111110	2	14071
445	1111110	2	14100
446	1111110	2	14129
447	1111100	2	14149
448	1111110	2	14175
449	1111100	2	14181
450	1111110	2	14190
451	1111100	2	14220
452	1111100	2	14249
453	1111110	2	14278
454	1111100	2	14310
455	1111110	2	14342
456	0000010	2	14375
457	1111110	2	14408
458	1111110	2	14440
459	1111110	2	14472
460	1111100	2	14504
461	1111100	2	14536
462	1111100	2	14568
463	1111100	2	14600
464	1111100	2	14632
465	1111110	2	14664
466	1111110	2	14696
467	1111110	2	14728
468	1111110	2	14760
469	1111110	2	14792
470	1111110	2	14824
471	1111110	2	14856
472	1111110	2	14888
473	1111110	2	14920
474	1111110	2	14952
475	1111110	2	14984
476	1111100	2	15016
477	1111100	2	15048
478	1111100	2	15080
479	1111100	2	15112
480	1111100	2	15144
481	1111110	2	15176
482	1111110	2	15208
483	1111110	2	15240
484	1111110	2	15272
485	1111110	2	15304
486	1111110	2	15336
487	1111110	2	15368
488	1111110	2	15400
489	1111110	2	15432
490	1111110	2	15464
491	1111110	2	15496
492	1111110	2	15528
493	1111110	2	15560
494	1111110	2	15592
495	1111110	2	15624
496	1111100	2	15656
497	1111100	2	15688
498	1111100	2	15720
499	1111100	2	15752
500	1111110	2	15784
501	1111110	2	15816
502	1111110	2	15848
503	1111110	2	15880
504	1111110	2	15912
505	1111110	2	15944
506	1111110	2	15976
507	1111110	2	16008
508	1111110	2	16040
509	1111110	2	16072
510	1111110	2	16107
511	1111100	2	16141
512	1111100	2	16145
513	1111100	2	16165
514	1111110	2	16184
515	1111100	2	16217
516	1111110	2	16246
517	1111110	3	16266
518	1111110	3	16296
519	1111110	3	16324
520	1111110	3	16338
521	1111110	3	16374
522	1111110	3	16406
523	1111110	3	16438
524	1111110	3	16470
525	1111100	3	16502
526	1111100	3	16534
527	1111100	3	16566
528	1111100	3	16598
529	1111110	3	16630
530	1111110	3	16662
531	1111110	3	16694
532	1111110	3	16726
533	1111100	3	16758
534	1111100	3	16790
535	1111100	3	16822
536	1111100	3	16854
537	1111100	3	16886
538	1111110	3	16918
539	1111110	3	16954
540	1111110	3	16986
541	1111110	3	17018
542	1111110	3	17050
543	1111110	3	17082
544	1111100	3	17114
545	0000010	3	17146
546	1111110	3	17178
547	1111100	3	17210
548	0000010	3	17242
549	1111110	3	17274
550	1111110	3	17306
551	1111110	3	17338
552	1111110	3	17370
553	1111110	3	17402
554	1111110	3	17434
555	1111110	3	17466
556	1111100	3	17498
557	0000010	3	17530
558	1111110	3	17562
559	1111100	3	17594
560	0000010	3	17626
561	1111110	3	17658
562	1111110	3	17690
563	1111110	3	17722
564	1111110	3	17754
565	1111110	3	17786
566	1111100	3	17818
567	0000010	3	17850
568	1111110	3	17882
569	1111100	3	17914
570	0000010	3	17946
571	1111110	3	17978
572	1111110	3	18010
573	1111100	3	18042
574	1111110	3	18074
575	1111110	3	18106
576	1111110	3	18138
577	1111110	3	18170
578	1111110	3	18202
579	1111100	3	18234
580	0000010	3	18266
581	1111110	3	18298
582	1111100	3	18330
583	0000010	3	18362
584	1111110	3	18394
585	1111110	3	18426
586	1111110	3	18462
587	1111110	3	18494
588	1111110	3	18526
589	1111110	3	18558
590	1111100	3	18590
591	1111100	3	18622
592	1111100	3	18654
593	1111100	3	18686
594	1111100	3	18718
595	1111110	3	18750
596	1111110	3	18782
597	1111110	3	18814
598	1111110	3	18846
599	1111110	3	18878
600	1111100	3	18910
601	1111100	3	18942
602	1111100	3	18974
603	1111100	3	19006
604	1111100	3	19038
605	1111110	3	19070
606	1111110	3	19102
607	1111110	3	19134
608	1111110	3	19166
609	1111100	3	19198
610	0000010	3	19230
611	1111110	3	19262
612	1111100	3	19294
613	0000010	3	19326
614	1111110	3	19358
615	1111100	3	19390
616	0000010	3	19422
617	1111110	3	19454
618	1111110	3	19486
619	1111110	3	19518
620	1111110	3	19550
621	1111110	3	19582
622	1111100	3	19614
623	0000010	3	19646
624	1111110	3	19678
625	1111100	3	19710
626	0000010	3	19742
627	1111110	3	19774
628	1111100	3	19806
629	0000010	3	19838
630	1111100	3	19870
631	1111110	3	19906
632	1111110	3	19938
633	1111110	3	19970
634	1111110	3	20002
635	1111100	3	20034
636	1111100	3	20066
637	1111100	3	20098
638	1111100	3	20130
639	1111100	3	20162
640	1111110	3	20194
641	1111110	3	20226
642	1111110	3	20258
643	1111110	3	20290
644	1111110	3	20322
645	1111100	3	20354
646	1111100	3	20386
647	1111100	3	20418
648	1111100	3	20450
649	1111100	3	20482
650	1111100	3	20514
651	1111110	3	20536
652	1111100	3	20560
653	1111110	3	20592
654	0000001	3	20610
655	0000001	3	20648
656	0000001	3	20686
657	0000001	3	20724
658	0000001	3	20762
659	0000001	3	20800
660	0000001	3	20838
661	0000001	3	20876
662	0000001	3	20914
663	0000001	3	20952
664	0000001	3	20990
665	0000001	3	21028
666	0000001	3	21066
667	0000001	3	21104
668	0000001	3	21142
669	1111100	3	21180
670	0000001	3	21216
671	0000001	3	21254
672	1111110	3	21292
673	1111110	3	21328
674	1111110	3	21364
675	1111110	3	21400
676	1111110	3	21436
677	1111100	3	21468
678	1111100	3	21500
679	1111110	3	21532
680	1111110	4	21568
681	1111110	4	21591
682	1111110	4	21614
683	1111110	4	21633
684	1111110	4	21656
685	1111110	4	21677
686	1111110	4	21700
687	1111110	4	21723
688	1111110	4	21746
689	1111110	4	21769
690	1111110	4	21792
691	1111110	4	21815
692	1111110	4	21838
693	1111110	4	21861
694	1111110	4	21884
695	1111110	4	21907
696	1111110	4	21930
697	1111110	4	21953
698	1111110	4	21976
699	1111110	4	21999
700	1111110	4	22022
701	1111110	4	22045
702	1111110	4	22068
703	1111110	4	22091
704	1111110	4	22114
705	1111110	4	22137
706	1111110	4	22160
707	1111100	4	22183
708	1111100	4	22206
709	1111100	4	22229
710	1111100	4	22252
711	1111100	4	22275
712	1111100	4	22298
713	1111100	4	22321
714	1111100	4	22344
715	1111110	4	22367
716	1111110	4	22390
717	1111110	4	22413
718	1111110	4	22436
719	1111100	4	22459
720	1111100	4	22482
721	1111100	4	22505
722	1111100	4	22528
723	1111100	4	22551
724	1111100	4	22574
725	1111100	4	22597
726	1111100	4	22620
727	1111110	4	22643
728	1111100	4	22665
729	1111110	4	22688
730	1111110	4	22715
731	1111110	4	22742
732	1111110	4	22761
733	1111110	4	22780
734	1111110	4	22799
735	1111110	4	22818
736	1111110	4	22837
737	1111110	4	22856
738	1111110	4	22875
739	1111110	4	22894
740	1111110	4	22913
741	1111110	4	22932
742	1111110	4	22951
743	1111110	4	22970
744	1111110	4	22989
745	1111110	4	23008
746	1111110	4	23027
747	1111110	4	23046
748	1111110	4	23065
749	1111110	4	23084
750	1111110	4	23103
751	1111110	4	23122
752	1111100	4	23141
753	1111100	4	23160
754	1111100	4	23179
755	1111100	4	23198
756	1111100	4	23217
757	1111100	4	23236
758	1111100	4	23255
759	1111110	4	23274
760	1111110	4	23293
761	1111110	4	23312
762	1111110	4	23331
763	1111110	4	23350
764	1111110	4	23369
765	1111100	4	23388
766	1111100	4	23407
767	1111100	4	23426
768	1111100	4	23445
769	1111100	4	23464
770	1111100	4	23483
771	1111100	4	23502
772	1111100	4	23521
773	1111100	4	23530
774	1111100	4	23557
775	1111100	4	23576
776	0000010	4	23595
777	0000010	4	23618
778	0000010	4	23641
779	0000010	4	23664
780	0000010	4	23687
781	0000010	4	23710
782	0000010	4	23733
783	0000010	4	23756
784	0000010	4	23779
785	0000010	4	23798
786	0000010	4	23817
787	0000010	4	23836
788	0000010	4	23855
789	0000010	4	23874
790	0000010	4	23893
791	0000010	4	23912
792	1111100	5	23931
793	1111110	5	23945
794	1111110	5	23967
795	1111110	5	23976
796	1111110	5	23985
797	1111110	5	23994
798	1111110	5	24003
799	1111110	5	24012
800	1111100	5	24021
801	1111110	5	24030
802	1111100	5	24039
803	1111100	5	24048
804	1111110	5	24057
805	1111110	5	24079
806	0000010	5	24105
807	1111110	5	24127
808	0000010	5	24136
809	1111110	5	24158
810	1111110	5	24167
811	1111110	5	24176
812	1111110	5	24185
813	1111110	5	24194
814	1111110	5	24214
815	1111110	5	24223
816	1111110	5	24232
817	1111100	5	24252
818	1111100	5	24261
819	1111100	5	24270
820	1111100	5	24279
821	1111100	5	24288
822	1111110	5	24297
823	1111110	5	24317
824	0000010	5	24336
825	1111100	5	24356
826	0000010	5	24365
827	1111110	5	24385
828	1111100	5	24394
829	1111100	5	24416
830	1111110	5	24436
831	1111110	5	24455
832	1111100	5	24474
833	1111100	5	24493
834	1111110	5	24512
835	1111110	5	24531
836	1111110	5	24550
837	1111110	5	24569
838	1111110	5	24588
839	1111110	5	24607
840	1111110	5	24626
841	1111110	5	24645
842	1111110	5	24664
843	1111110	5	24683
844	1111110	5	24702
845	1111110	5	24721
846	1111110	5	24740
847	1111110	5	24759
848	1111110	5	24778
849	1111110	5	24797
850	1111110	5	24816
851	1111110	5	24835
852	1111110	5	24854
853	1111110	5	24873
854	1111100	5	24892
855	1111100	5	24911
856	1111100	5	24930
857	1111100	5	24949
858	1111100	5	24968
859	1111100	5	24987
860	1111100	5	25006
861	1111110	5	25025
862	1111110	5	25044
863	1111110	5	25063
864	1111110	5	25082
865	1111110	5	25101
866	1111110	5	25120
867	1111110	5	25139
868	0000010	5	25158
869	1111100	5	25177
870	1111100	5	25196
871	1111100	5	25215
872	1111110	5	25234
873	1111110	5	25260
874	1111110	5	25287
875	1111110	5	25304
876	1111100	5	25321
877	1111100	5	25338
878	1111100	5	25355
879	1111110	5	25372
880	1111110	5	25389
881	1111110	5	25406
882	1111110	5	25423
883	1111110	5	25440
884	1111110	5	25457
885	1111110	5	25474
886	1111110	5	25491
887	1111110	5	25508
888	1111110	5	25525
889	1111110	5	25542
890	1111110	5	25559
891	1111110	5	25576
892	1111110	5	25593
893	1111110	5	25610
894	1111110	5	25627
895	1111110	5	25644
896	1111110	5	25661
897	1111110	5	25678
898	1111110	5	25695
899	1111110	5	25712
900	1111110	5	25729
901	1111110	5	25746
902	1111100	5	25763
903	1111100	5	25780
904	1111100	5	25797
905	1111100	5	25814
906	1111100	5	25831
907	1111100	5	25848
908	1111110	5	25865
909	1111110	5	25882
910	1111110	5	25899
911	1111110	5	25916
912	1111110	5	25933
913	1111100	5	25950
914	1111100	5	25967
915	1111100	5	25984
916	1111110	5	26001
917	0000010	5	26021
918	0000010	5	26030
919	0000010	5	26039
920	0000010	5	26048
921	1111110	5	26057
922	1111110	5	26071
923	1111100	5	26083
924	1111110	5	26092
925	0000001	5	26112
926	0000001	5	26145
927	0000001	5	26178
928	0000001	5	26211
929	0000001	5	26244
930	0000001	5	26277
931	0000001	5	26310
932	0000001	5	26343
933	0000001	5	26365
934	0000001	5	26387
935	0000001	5	26409
936	0000001	5	26431
937	0000001	5	26453
938	0000001	5	26475
939	0000001	5	26508
940	0000001	5	26538
941	0000001	5	26568
942	0000001	5	26598
943	0000001	5	26628
944	0000001	5	26658
945	0000001	5	26688
946	0000001	5	26718
947	0000001	5	26748
948	0000001	5	26768
949	0000001	5	26788
950	0000001	5	26808
951	0000001	5	26828
952	0000001	5	26848
953	0000001	5	26868
954	0000001	5	26888
955	0000001	5	26921
956	0000001	5	26954
957	0000001	5	26976
958	0000001	5	27006
959	0000010	5	27036
960	1111110	5	27055
961	1111110	5	27084
962	1111110	5	27113
963	1111110	5	27142
964	1111110	5	27169
965	1111000	5	27196
966	1111100	5	27209
967	0000010	5	27228
968	0000010	5	27247
969	0000010	5	27266
970	0000010	5	27285
971	0000010	5	27304
972	0000010	5	27323
973	0000010	5	27340
974	0000010	5	27357
975	0000010	5	27374
976	0000010	5	27391
977	0000010	5	27408
978	0000010	5	27425
979	0000010	5	27434
980	1111110	6	27443
981	1111110	6	27466
982	1111110	6	27489
983	1111110	6	27512
984	1111110	6	27535
985	1111110	6	27558
986	1111110	6	27581
987	1111110	6	27604
988	1111110	6	27627
989	1111100	6	27650
990	1111100	6	27673
991	1111100	6	27696
992	1111100	6	27719
993	1111100	6	27742
994	0000010	6	27765
995	0000010	6	27788
996	1111110	6	27811
997	1111110	6	27834
998	1111110	6	27857
999	1111110	6	27880
1000	1111110	6	27903
1001	1111110	6	27926
1002	1111110	6	27949
1003	1111100	6	27972
1004	1111100	6	27995
1005	1111100	6	28018
1006	1111100	6	28041
1007	1111100	6	28064
1008	1111100	6	28087
1009	1111110	6	28110
1010	1111110	6	28133
1011	1111110	6	28156
1012	1111110	6	28179
1013	1111110	6	28202
1014	0000010	6	28225
1015	1111100	6	28248
1016	1111100	6	28271
1017	1111100	6	28294
1018	1111100	6	28317
1019	0000010	6	28340
1020	1111100	6	28363
1021	1111110	6	28386
1022	0000010	6	28403
1023	0000010	6	28426
1024	0000010	6	28449
1025	0000010	6	28472
1026	0000010	6	28495
1027	1111100	6	28518
1028	1111100	6	28541
1029	0000010	6	28564
1030	0000010	6	28587
1031	0000010	6	28610
1032	0000010	6	28633
1033	1111100	6	28656
1034	1111100	6	28679
1035	1111100	6	28702
1036	0000010	6	28725
1037	0000001	6	28748
1038	0000001	6	28777
1039	0000001	6	28806
1040	0000001	6	28835
1041	0000001	6	28864
1042	0000001	6	28893
1043	0000001	6	28922
1044	0000001	6	28951
1045	0000001	6	28980
1046	0000001	6	29009
1047	0000001	6	29038
1048	0000001	6	29067
1049	0000001	6	29096
1050	0000001	6	29125
1051	0000001	6	29154
1052	0000010	6	29183
1053	1111110	6	29207
1054	1111110	6	29231
1055	1111110	6	29255
1056	1111110	6	29279
1057	1111110	6	29303
1058	1111110	6	29327
1059	1111110	6	29351
1060	1111110	6	29375
1061	1111110	6	29399
1062	1111100	6	29423
1063	1111100	6	29447
1064	1111100	6	29471
1065	1111100	6	29495
1066	1111100	6	29519
1067	0000010	6	29543
1068	1111110	6	29567
1069	1111110	6	29591
1070	1111110	6	29615
1071	1111110	6	29639
1072	1111110	6	29663
1073	1111110	6	29687
1074	1111100	6	29711
1075	1111100	6	29735
1076	1111100	6	29759
1077	1111100	6	29783
1078	1111100	6	29807
1079	1111100	6	29831
1080	1111100	6	29855
1081	1111110	6	29879
1082	1111110	6	29903
1083	1111110	6	29927
1084	1111110	6	29951
1085	1111110	6	29975
1086	1111110	6	29999
1087	1111100	6	30023
1088	1111100	6	30047
1089	1111100	6	30071
1090	1111100	6	30095
1091	1111100	6	30119
1092	0000010	6	30143
1093	0000010	6	30167
1094	1111100	6	30191
1095	0000010	6	30215
1096	0000010	6	30239
1097	0000010	6	30263
1098	0000010	6	30287
1099	0000010	6	30311
1100	1111100	6	30335
1101	0000010	6	30359
1102	0000010	6	30383
1103	0000010	6	30407
1104	0000010	6	30431
1105	0000010	6	30455
1106	1111100	6	30479
1107	1111100	6	30503
1108	1111110	6	30527
1109	0000010	6	30555
1110	1111110	6	30583
1111	0000001	6	30603
1112	0000001	6	30631
1113	0000001	6	30659
1114	0000001	6	30687
1115	0000001	6	30715
1116	0000001	6	30743
1117	0000001	6	30771
1118	0000001	6	30799
1119	0000001	6	30827
1120	0000001	6	30855
1121	0000001	6	30883
1122	0000001	6	30911
1123	0000001	6	30939
1124	0000001	6	30967
1125	0000001	6	30995
1126	0000001	6	31023
1127	0000001	6	31052
1128	0000001	6	31080
1129	1111110	6	31108
1130	1111110	6	31132
1131	1111110	6	31156
1132	1111110	6	31180
1133	1111110	6	31209
1134	1111110	6	31238
1135	1111100	6	31267
1136	1111100	6	31290
1137	1111100	6	31314
1138	1111110	7	31338
1139	1111110	7	31354
1140	1111110	7	31370
1141	1111110	7	31386
1142	1111110	7	31402
1143	1111110	7	31418
1144	1111110	7	31434
1145	1111110	7	31450
1146	1111110	7	31466
1147	1111110	7	31482
1148	1111110	7	31498
1149	1111110	7	31514
1150	1111110	7	31530
1151	1111110	7	31546
1152	1111110	7	31562
1153	1111110	7	31578
1154	1111110	7	31593
1155	1111110	7	31608
1156	1111110	7	31623
1157	1111110	7	31638
1158	1111110	7	31653
1159	1111110	7	31668
1160	1111110	7	31683
1161	1111110	7	31698
1162	1111110	7	31713
1163	1111110	7	31728
1164	1111110	7	31743
1165	1111110	7	31758
1166	1111110	7	31773
1167	1111100	7	31792
1168	1111110	7	31817
1169	1111110	8	31820
1170	1111110	8	31841
1171	1111100	8	31856
1172	1111110	8	31877
1173	1111110	8	31898
1174	1111110	8	31919
1175	1111110	8	31940
1176	1111110	8	31961
1177	1111110	8	31982
1178	1111110	8	32003
1179	1111110	8	32024
1180	1111110	8	32045
1181	1111110	8	32066
1182	1111110	8	32087
1183	1111110	8	32108
1184	1111110	8	32129
1185	1111110	8	32148
1186	1111110	8	32169
1187	1111110	8	32190
1188	1111110	8	32201
1189	1111100	8	32212
1190	1111110	8	32230
1191	1111110	8	32248
1192	1111110	8	32266
1193	1111110	8	32284
1194	1111110	8	32302
1195	1111110	8	32320
1196	1111110	8	32338
1197	1111110	8	32356
1198	1111110	8	32374
1199	1111110	8	32392
1200	1111110	8	32410
1201	1111110	8	32428
1202	1111110	8	32446
1203	1111110	8	32464
1204	1111110	8	32482
1205	1111110	8	32500
1206	1111110	8	32510
1207	1111110	8	32520
1208	1111110	8	32540
1209	1111110	8	32561
1210	1111110	8	32579
1211	1111110	9	32597
1212	1111110	9	32622
1213	1111100	9	32641
1214	1111100	9	32660
1215	1111110	9	32679
1216	1111110	9	32698
1217	1111110	9	32717
1218	1111100	9	32736
1219	1111110	9	32755
1220	1111110	9	32774
1221	1111110	9	32793
1222	1111110	9	32812
1223	1111110	9	32831
1224	1111110	9	32850
1225	1111110	9	32869
1226	1111100	9	32888
1227	1111110	9	32907
1228	1111110	9	32926
1229	1111110	9	32945
1230	1111110	9	32964
1231	1111110	9	32983
1232	1111110	9	33002
1233	1111110	9	33021
1234	1111100	9	33040
1235	1111110	9	33059
1236	1111110	9	33078
1237	1111110	9	33097
1238	1111110	9	33116
1239	1111110	9	33135
1240	1111110	9	33154
1241	1111110	9	33173
1242	1111110	9	33192
1243	1111110	9	33211
1244	1111110	9	33230
1245	1111110	9	33249
1246	1111110	9	33268
1247	1111110	9	33287
1248	1111110	9	33306
1249	1111110	9	33325
1250	1111110	9	33344
1251	1111110	9	33363
1252	1111110	9	33382
1253	1111110	9	33401
1254	1111100	9	33420
1255	1111100	9	33439
1256	1111110	9	33454
1257	1111110	9	33473
1258	1111110	9	33492
1259	1111100	9	33511
1260	1111110	9	33530
1261	1111110	9	33549
1262	1111110	9	33568
1263	1111110	9	33587
1264	1111110	9	33606
1265	1111110	9	33625
1266	1111110	9	33644
1267	1111110	9	33663
1268	1111110	9	33682
1269	1111110	9	33701
1270	1111110	9	33720
1271	1111110	9	33739
1272	1111110	10	33758
1273	1111110	10	33789
1274	1111110	10	33820
1275	1111110	10	33851
1276	1111110	10	33882
1277	1111110	10	33913
1278	1111110	10	33944
1279	1111110	10	33975
1280	1111110	10	34006
1281	1111110	10	34037
1282	1111110	10	34068
1283	1111110	10	34099
1284	1111110	10	34130
1285	1111110	10	34161
1286	1111110	10	34192
1287	1111110	10	34223
1288	1111110	10	34254
1289	1111110	10	34285
1290	1111110	10	34316
1291	1111110	10	34347
1292	1111110	10	34378
1293	1111110	10	34409
1294	1111110	10	34437
1295	1111110	10	34465
1296	1111110	10	34493
1297	1111110	10	34521
1298	1111110	10	34549
1299	1111110	10	34577
1300	1111110	10	34605
1301	1111110	10	34633
1302	1111110	10	34661
1303	1111110	10	34689
1304	1111110	10	34717
1305	1111110	10	34745
1306	1111110	10	34773
1307	1111110	10	34801
1308	1111110	10	34829
1309	1111110	10	34857
1310	1111110	10	34885
1311	1111110	10	34913
1312	1111110	10	34941
1313	1111110	10	34969
1314	1111100	10	34997
1315	1111110	11	35018
1316	1111110	11	35037
1317	1111110	11	35056
1318	1111110	11	35075
1319	1111110	11	35094
1320	1111110	11	35113
1321	1111110	11	35132
1322	1111110	11	35151
1323	1111110	11	35170
1324	1111110	11	35189
1325	1111110	11	35205
1326	1111110	11	35224
1327	1111110	11	35240
1328	1111110	11	35259
1329	1111110	11	35278
1330	1111110	11	35296
1331	1111110	11	35314
1332	1111110	11	35332
1333	1111110	11	35350
1334	1111110	11	35368
1335	1111110	11	35386
1336	1111110	11	35404
1337	1111110	11	35422
1338	1111110	11	35440
1339	1111110	11	35458
1340	1111110	11	35476
1341	1111110	11	35494
1342	1111110	11	35513
1343	1111110	11	35532
1344	1111110	11	35550
1345	1111110	11	35568
1346	1111110	11	35587
1347	1111100	12	35605
1348	1111100	12	35627
1349	1111100	12	35649
1350	1111100	12	35671
1351	1111100	12	35694
1352	1111100	12	35716
1353	1111100	12	35738
1354	1111100	12	35761
1355	1111100	12	35783
1356	1111100	12	35805
1357	1111100	12	35826
1358	1111100	12	35847
1359	1111100	12	35868
1360	1111100	12	35889
1361	1111100	12	35910
1362	1111100	12	35931
1363	1111100	12	35953
1364	1111100	12	35975
1365	1111100	12	35997
1366	1111110	13	36019
1367	1111110	13	36032
1368	1111110	13	36056
1369	1111110	13	36080
1370	1111110	13	36092
1371	1111110	13	36116
1372	1111110	13	36140
1373	1111110	13	36164
1374	1111110	13	36188
1375	1111110	13	36208
1376	1111110	13	36228
1377	1111110	13	36248
1378	1111110	13	36261
1379	1111110	13	36281
1380	1111110	13	36301
1381	1111110	13	36321
1382	1111100	14	36329
1383	1111100	14	36343
1384	1111100	14	36357
1385	1111100	14	36371
1386	1111100	14	36385
1387	1111100	14	36399
1388	1111100	14	36413
1389	1111100	14	36427
1390	1111100	14	36441
1391	1111100	14	36455
1392	1111100	14	36469
1393	1111100	14	36483
1394	1111100	14	36497
1395	1111100	14	36511
1396	1111100	14	36525
1397	1111100	14	36539
1398	1111100	14	36553
1399	1111100	15	36564
1400	1111110	15	36586
1401	1111110	15	36616
1402	1111100	15	36629
1403	1111100	15	36674
1404	0000010	15	36685
1405	1111110	15	36696
1406	1111110	15	36718
1407	1111110	15	36748
1408	1111110	15	36778
1409	1111110	15	36808
1410	1111110	15	36838
1411	1111110	15	36868
1412	1111110	15	36898
1413	1111110	15	36928
1414	1111110	15	36958
1415	1111110	15	36988
1416	1111110	15	37018
1417	1111110	15	37048
1418	1111110	15	37078
1419	1111110	15	37108
1420	1111110	15	37136
1421	1111110	15	37164
1422	1111110	15	37192
1423	1111110	15	37220
1424	1111110	15	37248
1425	1111110	15	37276
1426	1111110	15	37304
1427	1111110	15	37332
1428	1111110	15	37360
1429	1111110	15	37388
1430	1111110	15	37416
1431	1111110	15	37444
1432	1111110	15	37472
1433	1111110	15	37500
1434	1111110	15	37528
1435	1111110	15	37556
1436	1111110	15	37584
1437	1111110	15	37612
1438	1111110	15	37640
1439	1111110	15	37668
1440	1111110	15	37696
1441	1111110	15	37724
1442	1111110	15	37752
1443	1111110	15	37780
1444	1111110	15	37808
1445	1111110	15	37836
1446	1111110	15	37852
1447	1111110	15	37868
1448	1111110	15	37884
1449	1111110	15	37900
1450	1111110	15	37916
1451	1111100	15	37932
1452	1111100	15	37948
1453	1111100	15	37964
1454	1111100	15	37980
1455	1111100	15	37996
1456	1111100	15	38012
1457	1111110	15	38028
1458	1111110	15	38056
1459	1111110	15	38069
1460	1111110	15	38082
1461	1111110	15	38095
1462	1111110	15	38108
1463	1111110	15	38121
1464	1111100	15	38134
1465	1111100	15	38147
1466	1111100	15	38160
1467	1111100	15	38173
1468	1111100	15	38186
1469	1111100	15	38199
1470	1111110	15	38212
1471	1111110	15	38223
1472	1111110	15	38243
1473	1111110	15	38262
1474	1111110	15	38281
1475	1111110	15	38300
1476	1111110	15	38319
1477	1111110	15	38338
1478	1111110	15	38355
1479	1111110	15	38372
1480	1111110	15	38389
1481	1111110	15	38406
1482	1111110	15	38423
1483	1111110	15	38440
1484	1111110	15	38455
1485	1111110	15	38479
1486	1111110	15	38498
1487	1111110	15	38517
1488	1111110	15	38536
1489	1111110	15	38553
1490	1111110	15	38570
1491	1111110	15	38587
1492	1111110	15	38604
1493	1111110	15	38621
1494	1111110	15	38638
1495	1111110	15	38657
1496	1111110	15	38672
1497	1111110	15	38694
1498	1111110	15	38711
1499	1111110	15	38728
1500	1111110	15	38745
1501	1111110	15	38762
1502	1111110	15	38779
1503	1111110	15	38796
1504	1111110	15	38815
1505	1111110	15	38834
1506	1111110	15	38853
1507	1111110	15	38864
1508	1111110	15	38883
1509	1111110	15	38902
1510	1111110	15	38921
1511	1111110	15	38940
1512	1111110	15	38957
1513	1111110	15	38974
1514	1111110	15	38991
1515	1111110	15	39008
1516	1111110	15	39025
1517	1111110	15	39042
1518	0000010	15	39060
1519	1111110	15	39105
1520	1111110	15	39127
1521	1111100	15	39155
1522	1111110	15	39173
1523	1111110	15	39203
1524	0000001	15	39231
1525	0000001	15	39276
1526	0000001	15	39321
1527	0000001	15	39366
1528	0000001	15	39411
1529	0000001	15	39456
1530	0000001	15	39501
1531	0000001	15	39546
1532	0000001	15	39591
1533	0000001	15	39636
1534	0000001	15	39681
1535	0000001	15	39726
1536	0000001	15	39771
1537	0000001	15	39816
1538	0000001	15	39861
1539	0000001	15	39906
1540	1111110	15	39951
1541	1111110	15	39964
1542	1111110	15	39975
1543	1111110	15	39992
1544	1111110	15	40022
1545	1111110	15	40035
1546	1111110	15	40057
1547	1111110	15	40079
1548	1111110	15	40090
1549	1111110	15	40101
1550	0000001	15	40118
1551	1111110	16	40140
1552	1111110	16	40174
1553	1111110	16	40208
1554	1111110	16	40242
1555	1111110	16	40276
1556	1111110	16	40310
1557	1111110	16	40344
1558	1111100	16	40378
1559	1111110	16	40413
1560	1111110	16	40447
1561	1111110	16	40481
1562	1111110	16	40515
1563	1111100	16	40549
1564	1111110	16	40584
1565	1111110	16	40618
1566	1111110	16	40652
1567	1111110	16	40686
1568	1111110	16	40720
1569	1111110	16	40754
1570	1111110	16	40788
1571	1111110	16	40822
1572	1111110	16	40856
1573	1111110	16	40890
1574	1111110	16	40924
1575	1111110	16	40958
1576	1111110	16	40992
1577	1111110	16	41026
1578	1111110	16	41060
1579	1111100	16	41094
1580	1111100	16	41129
1581	1111100	16	41164
1582	0000010	16	41199
1583	0000010	16	41233
1584	0000010	16	41267
1585	0000010	16	41301
1586	0000010	16	41335
1587	0000001	16	41369
1588	0000001	16	41416
1589	0000001	16	41463
1590	0000001	16	41510
1591	0000001	16	41557
1592	0000001	16	41604
1593	0000001	16	41651
1594	0000001	16	41698
1595	0000001	16	41745
1596	0000001	16	41792
1597	0000001	16	41839
1598	0000001	16	41886
1599	0000001	16	41933
1600	0000001	16	41980
1601	0000001	16	42027
1602	1111110	16	42074
1603	1111110	16	42088
1604	1111110	16	42102
1605	1111110	16	42116
1606	1111110	17	42130
1607	1111100	17	42141
1608	1111100	17	42155
1609	1111110	17	42166
1610	1111110	17	42177
1611	1111110	17	42188
1612	1111100	17	42215
1613	1111110	17	42230
1614	1111100	17	42250
1615	1111110	17	42261
1616	1111110	17	42290
1617	1111110	17	42319
1618	1111110	17	42348
1619	1111110	17	42377
1620	1111100	17	42406
1621	1111100	17	42435
1622	1111100	17	42464
1623	1111100	17	42493
1624	1111110	17	42522
1625	1111110	17	42551
1626	1111110	17	42580
1627	1111100	17	42609
1628	1111100	17	42638
1629	1111100	17	42667
1630	1111100	17	42696
1631	1111100	17	42725
1632	1111110	17	42754
1633	1111110	17	42783
1634	1111110	17	42812
1635	1111110	17	42841
1636	1111100	17	42870
1637	1111100	17	42899
1638	1111100	17	42928
1639	1111100	17	42957
1640	1111100	17	42986
1641	1111110	17	43015
1642	1111110	17	43044
1643	1111110	17	43073
1644	1111110	17	43106
1645	1111110	17	43139
1646	1111110	17	43172
1647	1111110	17	43205
1648	1111110	17	43238
1649	1111110	17	43271
1650	1111110	17	43304
1651	1111110	17	43337
1652	1111110	17	43370
1653	1111110	17	43403
1654	1111110	17	43436
1655	1111110	17	43469
1656	1111110	17	43502
1657	1111110	17	43535
1658	1111110	17	43568
1659	1111110	17	43601
1660	1111110	17	43634
1661	1111110	17	43667
1662	1111110	17	43700
1663	1111110	17	43733
1664	1111110	17	43766
1665	1111110	17	43799
1666	1111110	17	43832
1667	1111110	17	43865
1668	1111110	17	43898
1669	1111110	17	43931
1670	1111110	17	43964
1671	1111110	17	43997
1672	1111110	17	44030
1673	1111110	17	44044
1674	1111110	17	44072
1675	1111110	17	44100
1676	1111110	17	44128
1677	1111100	17	44156
1678	1111100	17	44184
1679	1111100	17	44212
1680	1111100	17	44240
1681	1111110	17	44268
1682	1111110	17	44296
1683	1111110	17	44324
1684	1111110	17	44352
1685	1111100	17	44380
1686	1111100	17	44408
1687	1111100	17	44436
1688	1111100	17	44464
1689	1111110	17	44492
1690	1111110	17	44520
1691	1111110	17	44548
1692	1111110	17	44576
1693	1111100	17	44604
1694	1111100	17	44632
1695	1111100	17	44660
1696	1111100	17	44688
1697	1111100	17	44716
1698	1111110	17	44743
1699	1111100	17	44771
1700	1111110	17	44798
1701	1111100	17	44826
1702	1111110	17	44853
1703	1111110	17	44885
1704	1111110	17	44917
1705	1111110	17	44949
1706	1111110	17	44981
1707	1111110	17	45013
1708	1111110	17	45045
1709	1111110	17	45077
1710	1111110	17	45109
1711	1111110	17	45141
1712	1111110	17	45173
1713	1111110	17	45205
1714	1111110	17	45237
1715	1111110	17	45269
1716	1111110	17	45301
1717	1111110	17	45333
1718	1111110	17	45365
1719	1111110	17	45397
1720	1111110	17	45429
1721	1111110	17	45461
1722	1111110	17	45493
1723	1111110	17	45525
1724	1111110	17	45557
1725	1111110	17	45589
1726	1111110	17	45621
1727	1111110	17	45653
1728	1111110	17	45680
1729	1111110	17	45712
1730	1111110	17	45739
1731	1111110	17	45771
1732	1111110	17	45786
1733	1111100	17	45804
1734	1111100	17	45810
1735	1111100	17	45816
1736	1111110	17	45834
1737	1111110	17	45869
1738	0000001	17	45905
1739	0000001	17	45949
1740	0000001	17	45993
1741	0000001	17	46037
1742	0000001	17	46081
1743	0000001	17	46125
1744	0000001	17	46169
1745	0000001	17	46213
1746	0000001	17	46256
1747	0000001	17	46299
1748	0000001	17	46342
1749	0000001	17	46385
1750	0000001	17	46428
1751	0000001	17	46471
1752	0000001	17	46514
1753	0000001	17	46558
1754	0000001	17	46602
1755	0000001	17	46646
1756	0000001	17	46690
1757	0000001	17	46734
1758	0000001	17	46778
1759	0000001	17	46822
1760	0000001	17	46865
1761	0000001	17	46908
1762	0000001	17	46951
1763	0000001	17	46994
1764	0000001	17	47037
1765	0000001	17	47080
1766	0000001	17	47123
1767	0000001	17	47167
1768	0000001	17	47210
1769	0000001	17	47253
1770	0000001	17	47297
1771	0000001	17	47341
1772	1111110	17	47384
1773	1111110	17	47420
1774	1111110	17	47456
1775	1111110	17	47492
1776	1111110	17	47519
1777	1111110	17	47555
1778	1111110	18	47591
1779	1111100	18	47611
1780	1111110	18	47626
1781	1111110	18	47658
1782	1111100	18	47678
1783	1111100	18	47694
1784	1111110	18	47721
1785	1111110	18	47749
1786	1111110	18	47777
1787	1111110	18	47809
1788	1111110	18	47837
1789	1111110	18	47861
1790	1111110	18	47893
1791	1111110	18	47921
1792	1111110	18	47949
1793	1111110	18	47981
1794	1111110	18	48009
1795	1111110	18	48037
1796	1111110	18	48065
1797	1111110	18	48093
1798	1111110	18	48121
1799	1111110	18	48149
1800	1111110	18	48177
1801	1111110	18	48205
1802	1111110	18	48233
1803	1111110	18	48265
1804	1111110	18	48297
1805	1111110	18	48329
1806	1111110	18	48361
1807	1111110	18	48389
1808	1111110	18	48417
1809	1111110	18	48445
1810	1111110	18	48473
1811	1111110	18	48501
1812	1111110	18	48529
1813	1111110	18	48557
1814	1111110	18	48585
1815	1111110	18	48617
1816	1111110	18	48649
1817	1111110	18	48681
1818	1111110	18	48713
1819	1111110	18	48741
1820	1111110	18	48769
1821	1111110	18	48797
1822	1111110	18	48825
1823	1111110	18	48853
1824	1111110	18	48881
1825	1111110	18	48909
1826	1111110	18	48937
1827	1111110	18	48969
1828	1111110	18	49001
1829	1111110	18	49033
1830	1111100	18	49057
1831	1111110	18	49080
1832	1111110	18	49109
1833	1111110	18	49138
1834	1111110	18	49167
1835	1111110	18	49196
1836	1111110	18	49225
1837	1111110	18	49254
1838	1111110	18	49283
1839	1111110	18	49316
1840	1111110	18	49349
1841	1111110	18	49382
1842	1111110	18	49407
1843	1111110	18	49432
1844	1111110	18	49461
1845	1111110	18	49490
1846	1111110	18	49519
1847	1111110	18	49548
1848	1111110	18	49577
1849	1111110	18	49606
1850	1111110	18	49635
1851	1111110	18	49668
1852	1111110	18	49701
1853	1111110	18	49734
1854	1111110	18	49763
1855	1111110	18	49792
1856	1111110	18	49821
1857	1111110	18	49850
1858	1111110	18	49879
1859	1111110	18	49908
1860	1111110	18	49937
1861	1111110	18	49966
1862	1111110	18	49995
1863	1111110	18	50024
1864	1111110	18	50057
1865	1111110	18	50090
1866	1111110	18	50123
1867	1111110	18	50156
1868	1111110	18	50189
1869	1111110	18	50222
1870	1111110	18	50255
1871	1111110	18	50284
1872	1111110	18	50313
1873	1111110	18	50342
1874	1111110	18	50371
1875	1111110	18	50400
1876	1111110	18	50429
1877	0000001	18	50458
1878	0000001	18	50493
1879	0000001	18	50528
1880	0000001	18	50563
1881	0000001	18	50598
1882	0000001	18	50633
1883	0000001	18	50668
1884	0000001	18	50703
1885	0000001	18	50738
1886	0000001	18	50773
1887	0000001	18	50808
1888	0000001	18	50843
1889	0000001	18	50878
1890	0000001	18	50913
1891	1111110	18	50948
1892	0000001	18	50968
1893	0000001	18	51003
1894	1111110	18	51038
1895	1111110	18	51075
1896	1111110	18	51095
1897	1111110	18	51115
1898	1111110	18	51135
1899	1111110	18	51159
1900	1111110	19	51188
1901	1111110	19	51195
1902	1111110	19	51202
1903	1111110	19	51209
1904	1111110	19	51216
1905	1111110	19	51237
1906	1111110	19	51258
1907	1111110	19	51279
1908	1111110	19	51300
1909	1111110	19	51321
1910	1111110	19	51342
1911	1111110	19	51363
1912	1111110	19	51384
1913	1111110	19	51405
1914	1111100	19	51426
1915	1111100	19	51447
1916	1111100	19	51468
1917	1111100	19	51489
1918	1111100	19	51510
1919	1111100	19	51531
1920	1111100	19	51552
1921	1111110	19	51573
1922	1111110	19	51594
1923	1111110	19	51615
1924	1111110	19	51636
1925	1111110	19	51657
1926	1111100	19	51678
1927	1111100	19	51699
1928	1111100	19	51720
1929	1111100	19	51741
1930	1111100	19	51762
1931	1111100	19	51783
1932	1111110	19	51804
1933	1111110	19	51825
1934	1111110	19	51846
1935	1111110	19	51867
1936	1111110	19	51888
1937	1111110	19	51909
1938	1111110	19	51930
1939	1111110	19	51951
1940	1111110	19	51972
1941	1111110	19	51993
1942	1111110	19	52014
1943	1111110	19	52035
1944	1111110	19	52056
1945	0000001	19	52077
1946	0000001	19	52116
1947	0000001	19	52155
1948	0000001	19	52194
1949	0000001	19	52233
1950	0000001	19	52272
1951	0000001	19	52311
1952	0000001	19	52350
1953	0000001	19	52389
1954	0000001	19	52428
1955	0000001	19	52467
1956	0000001	19	52506
1957	0000001	19	52545
1958	0000001	19	52584
1959	0000001	19	52623
1960	1111110	19	52662
1961	1111110	19	52677
1962	1111110	19	52696
1963	1111110	19	52715
1964	1111110	19	52734
1965	1111110	19	52753
1966	1111110	19	52772
1967	1111110	19	52791
1968	1111110	19	52810
1969	1111110	19	52829
1970	1111110	19	52848
1971	1111110	19	52867
1972	1111110	19	52886
1973	1111100	19	52905
1974	1111100	19	52924
1975	1111100	19	52943
1976	1111100	19	52962
1977	1111100	19	52981
1978	1111100	19	53000
1979	1111110	19	53019
1980	1111110	19	53038
1981	1111110	19	53057
1982	1111110	19	53076
1983	1111110	19	53095
1984	1111110	19	53114
1985	1111110	19	53133
1986	1111110	19	53152
1987	1111110	19	53171
1988	1111110	19	53190
1989	1111110	19	53209
1990	1111110	19	53228
1991	1111110	19	53247
1992	1111110	19	53266
1993	1111110	19	53285
1994	1111110	19	53304
1995	1111110	19	53323
1996	1111100	19	53342
1997	1111100	19	53361
1998	1111100	19	53380
1999	1111100	19	53399
2000	1111100	19	53418
2001	1111100	19	53437
2002	1111100	19	53456
2003	0000010	19	53475
2004	1111100	19	53479
2005	1111110	19	53498
2006	0000001	19	53517
2007	0000001	19	53556
2008	1111100	19	53595
2009	1111100	19	53616
2010	1111110	19	53635
2011	1111110	19	53665
2012	1111110	19	53703
2013	1111110	19	53733
2014	1111110	19	53754
2015	1111110	19	53784
2016	1111110	19	53822
2017	0000010	19	53860
2018	0000010	19	53881
2019	0000010	19	53902
2020	0000010	19	53923
2021	0000010	19	53944
2022	0000010	19	53965
2023	0000010	19	53986
2024	0000010	19	54007
2025	0000010	19	54026
2026	0000010	19	54045
2027	0000010	19	54064
2028	0000010	19	54083
2029	0000010	19	54102
2030	0000010	19	54121
2031	1111110	20	54140
2032	1111110	20	54149
2033	1111110	20	54156
2034	1111110	20	54163
2035	1111110	20	54174
2036	1111110	20	54181
2037	1111110	20	54193
2038	1111110	20	54206
2039	1111110	20	54212
2040	1111110	20	54218
2041	1111110	20	54228
2042	1111110	20	54239
2043	1111110	20	54250
2044	1111110	20	54260
2045	1111110	20	54267
2046	1111110	20	54278
2047	1111110	20	54284
2048	1111110	20	54290
2049	1111110	20	54297
2050	1111110	20	54303
2051	1111110	20	54314
2052	1111110	20	54321
2053	1111110	20	54332
2054	1111110	20	54339
2055	1111110	20	54349
2056	1111110	20	54359
2057	1111110	20	54365
2058	1111110	20	54371
2059	1111110	20	54377
2060	1111110	20	54387
2061	1111110	20	54397
2062	1111110	20	54408
2063	1111110	20	54419
2064	1111110	20	54430
2065	1111110	20	54437
2066	1111110	21	54443
2067	1111110	21	54456
2068	1111110	21	54469
2069	1111110	21	54481
2070	1111110	21	54494
2071	1111110	21	54507
2072	1111100	21	54520
2073	1111100	21	54533
2074	1111110	21	54546
2075	1111110	21	54558
2076	1111100	21	54570
2077	1111100	21	54582
2078	1111100	21	54594
2079	1111110	21	54606
2080	1111100	21	54618
2081	1111100	21	54631
2082	1111100	21	54643
2083	1111110	21	54656
2084	1111110	22	54668
2085	1111110	22	54696
2086	1111110	22	54724
2087	1111110	22	54752
2088	1111110	22	54780
2089	1111110	22	54808
2090	1111110	22	54836
2091	1111100	22	54864
2092	1111100	22	54892
2093	1111100	22	54920
2094	1111100	22	54948
2095	1111100	22	54976
2096	1111100	22	55004
2097	1111110	22	55032
2098	1111110	22	55060
2099	1111110	22	55088
2100	1111110	22	55116
2101	1111110	22	55144
2102	1111100	22	55172
2103	1111100	22	55200
2104	1111100	22	55228
2105	1111100	22	55256
2106	1111100	22	55284
2107	1111100	22	55312
2108	1111100	22	55340
2109	1111110	22	55368
2110	1111110	22	55396
2111	1111110	22	55434
2112	1111110	22	55472
2113	1111110	22	55510
2114	1111110	22	55548
2115	1111110	22	55586
2116	1111110	22	55624
2117	1111110	22	55662
2118	1111110	22	55700
2119	1111110	22	55738
2120	1111110	22	55776
2121	1111110	22	55814
2122	1111110	22	55852
2123	1111110	22	55890
2124	1111110	22	55928
2125	1111110	22	55966
2126	1111110	22	56004
2127	1111110	22	56042
2128	1111110	22	56080
2129	1111110	22	56118
2130	1111110	22	56156
2131	1111110	22	56194
2132	1111110	22	56232
2133	1111110	22	56270
2134	1111110	22	56308
2135	1111110	22	56346
2136	1111110	22	56384
2137	1111110	22	56422
2138	0000001	22	56450
2139	0000001	22	56477
2140	0000001	22	56504
2141	0000001	22	56531
2142	0000001	22	56558
2143	0000001	22	56585
2144	0000001	22	56612
2145	0000001	22	56639
2146	0000001	22	56666
2147	0000001	22	56693
2148	0000001	22	56720
2149	0000001	22	56747
2150	0000001	22	56774
2151	0000001	22	56801
